6.304784e-02 8.080175e-01
7.200139e-01 9.701898e-01
3.237785e-01 2.377403e-01
2.116862e-01 4.556593e-01
2.705426e-01 7.323317e-01
1.234614e-01 9.426053e-01
7.693469e-01 8.596347e-01
5.181036e-01 4.848399e-01
5.125448e-01 7.887188e-01
5.271238e-01 5.227962e-01
6.820016e-01 1.041410e-02
6.342123e-01 2.227234e-01
5.522292e-01 2.692706e-01
9.267284e-01 4.599533e-01
1.529147e-02 6.379330e-01
2.121479e-01 9.043626e-01
3.375818e-01 9.391198e-01
1.819772e-01 2.756925e-02
3.097241e-01 4.208767e-01
9.167944e-01 9.476453e-01
8.103074e-01 6.634083e-01
1.708848e-01 4.529295e-01
9.150594e-01 7.606969e-01
9.164030e-01 7.375075e-01
3.786404e-01 6.688310e-01
1.244985e-01 8.577771e-01
1.366728e-01 6.105526e-01
5.127104e-01 7.911802e-01
6.968218e-01 1.791173e-01
9.317188e-01 5.933407e-01
7.208309e-01 2.902472e-02
2.068478e-01 6.833275e-01
3.099318e-01 4.090211e-01
5.509458e-01 2.751988e-01
7.833228e-01 9.333021e-01
5.092291e-01 6.401200e-01
4.879843e-01 4.730640e-01
6.154282e-01 1.907910e-01
7.833833e-01 4.620043e-01
9.536372e-01 9.408202e-01
4.503152e-02 6.832642e-01
2.105296e-01 5.125900e-01
4.209193e-01 7.336548e-01
1.692482e-01 8.579508e-01
6.818268e-01 8.545219e-01
8.519090e-01 4.685386e-01
4.699377e-01 1.935860e-01
8.180825e-01 3.904407e-01
2.789148e-01 6.745885e-01
6.277719e-01 9.640739e-02
7.509052e-01 2.200446e-01
9.773624e-01 3.014896e-01
6.827165e-01 1.790529e-01
5.694471e-01 9.302874e-01
8.351344e-01 8.284825e-01
7.944719e-01 5.451061e-01
4.520001e-01 3.296027e-01
7.028937e-01 3.367162e-01
9.525808e-01 2.186387e-01
8.930538e-02 8.564089e-01
6.511459e-01 3.560845e-01
2.906119e-01 9.323782e-01
5.923996e-01 8.537170e-01
5.665377e-01 1.651733e-01
4.713428e-01 5.099963e-01
9.536261e-01 8.776473e-01
6.002387e-01 5.254587e-01
6.621738e-01 7.003854e-01
8.095184e-01 9.400021e-01
4.376893e-01 5.834545e-01
3.562142e-01 2.186865e-01
9.230484e-01 6.573641e-01
2.462061e-01 7.193290e-01
4.719147e-01 6.669376e-01
8.505386e-01 7.370285e-01
8.126208e-01 8.725622e-01
3.265521e-01 3.419831e-01
5.040987e-01 3.365441e-01
8.016840e-01 8.938790e-01
9.485969e-01 9.087743e-01
8.949013e-01 7.343058e-01
3.901380e-01 5.332030e-02
3.543056e-01 3.146306e-01
9.014578e-01 6.232931e-01
1.965906e-01 8.496835e-01
9.909449e-01 2.900197e-01
4.554237e-01 5.235451e-01
1.006188e-01 4.125526e-01
2.223789e-01 6.634833e-01
9.768505e-01 5.298141e-01
7.781419e-01 6.181943e-01
4.039093e-01 2.326905e-01
9.255691e-01 6.942442e-01
4.608613e-01 1.178300e-01
9.738392e-01 8.498961e-01
9.065246e-01 4.470737e-01
4.516721e-01 6.247178e-01
7.666586e-02 9.274359e-01
3.909018e-01 3.639867e-01
3.536825e-01 1.807554e-01
6.498736e-01 9.456582e-01
8.102442e-01 2.997132e-01
7.847183e-01 1.278027e-01
9.505932e-01 2.864960e-01
9.215906e-02 8.788882e-01
6.385601e-01 5.583252e-01
8.226888e-01 6.822973e-01
7.732667e-01 1.488358e-01
8.319237e-01 4.804695e-01
4.309054e-01 6.276304e-01
6.972222e-01 8.201345e-01
8.052969e-01 4.234021e-01
5.736957e-01 1.534962e-01
8.900914e-01 7.111653e-01
6.057908e-01 2.337452e-01
8.490925e-01 6.245447e-01
9.926140e-01 4.697330e-01
6.388911e-01 4.280865e-01
4.963442e-01 4.724064e-01
7.358668e-01 4.516300e-01
7.194056e-01 9.761046e-02
4.943091e-01 4.920741e-01
1.234404e-01 1.595080e-01
7.138970e-02 1.669885e-02
9.569669e-01 5.121190e-01
8.517872e-01 5.032494e-01
1.012004e-01 5.681758e-01
7.430839e-01 9.268247e-01
7.831485e-02 5.843134e-01
1.510156e-01 5.234234e-01
5.006504e-01 5.251082e-03
6.670769e-01 8.837696e-01
5.033745e-01 2.079091e-01
7.117556e-01 8.619061e-01
3.500795e-01 7.047103e-01
5.840909e-01 7.950009e-01
6.393893e-01 2.202321e-01
9.339588e-01 7.026921e-02
2.821436e-01 9.646726e-01
8.551790e-01 1.461997e-01
1.638103e-01 5.093589e-01
9.280838e-01 5.725023e-01
4.552526e-01 7.935438e-01
7.396235e-01 5.583652e-01
7.732526e-02 3.958058e-01
6.577890e-01 7.389820e-01
7.691253e-01 7.053909e-01
2.357449e-01 9.043758e-01
7.388651e-01 6.165847e-01
1.378953e-01 3.448358e-01
7.077475e-01 6.721964e-01
3.478626e-01 8.242630e-01
5.945502e-01 3.928141e-01
1.961826e-01 3.393138e-01
2.198353e-01 9.650205e-01
3.448595e-01 4.894475e-01
5.448978e-01 1.971227e-01
7.778589e-01 6.191875e-01
1.985380e-01 1.078240e-01
3.322107e-01 3.906056e-01
6.416058e-01 5.848069e-02
8.143416e-01 9.974687e-01
8.213417e-01 6.322929e-02
8.464173e-01 9.824162e-01
7.929759e-01 9.795714e-02
2.433957e-02 6.586096e-01
5.887896e-01 1.677948e-01
3.020755e-01 8.660402e-01
2.033378e-01 4.770515e-02
2.843070e-01 9.479527e-01
3.990567e-03 9.945377e-01
7.013969e-01 7.587446e-01
3.477806e-01 3.530650e-01
5.569153e-01 6.158229e-01
5.273913e-01 9.615105e-01
6.596333e-01 1.316566e-01
2.097756e-01 5.363542e-03
4.409413e-01 7.234189e-01
9.385638e-01 7.836480e-01
7.655500e-01 9.082043e-01
4.640407e-01 8.018242e-01
7.599619e-01 8.682655e-01
5.662089e-01 6.543277e-01
6.300164e-05 2.008353e-01
5.589795e-01 5.251171e-01
6.439699e-01 1.773117e-02
1.997648e-01 7.569086e-01
7.708007e-01 1.262989e-01
3.300307e-01 4.300195e-01
9.890297e-01 2.080788e-01
2.957061e-01 9.482174e-01
8.552506e-01 1.553066e-01
3.095610e-01 9.013474e-02
9.152260e-01 5.598033e-01
3.876240e-01 3.398238e-01
5.387236e-01 8.156957e-02
6.323905e-01 2.235394e-01
6.302835e-01 2.319496e-01
4.508406e-02 5.685494e-01
4.601528e-01 2.379714e-01
3.477955e-01 4.933364e-01
8.541946e-01 9.176784e-01
8.096395e-01 7.603704e-01
5.009794e-01 6.104070e-01
6.063199e-01 7.996315e-01
4.830779e-02 5.806152e-01
6.949700e-03 9.755135e-01
8.230930e-01 9.318029e-01
3.380892e-01 7.958878e-01
2.772118e-01 1.915112e-01
1.399577e-01 6.452432e-01
9.452253e-01 8.533913e-01
9.488761e-01 2.439396e-01
8.050530e-01 2.194755e-01
4.292993e-01 3.326914e-01
6.695909e-01 8.797364e-01
7.059741e-01 7.479490e-01
2.034411e-01 9.575327e-01
7.065735e-01 4.175186e-01
4.101985e-01 7.242893e-01
2.705014e-01 5.736364e-01
1.598318e-01 7.963617e-01
4.071738e-02 9.348455e-01
6.176912e-01 2.365950e-01
9.553236e-01 1.705456e-01
8.406326e-01 2.752732e-01
3.609543e-01 2.324776e-01
9.829162e-01 3.619852e-02
2.972199e-01 1.603187e-01
4.441352e-01 6.813593e-01
7.282115e-01 1.734084e-01
3.931570e-01 7.207255e-01
7.334843e-01 3.051961e-02
2.833579e-01 8.082815e-01
9.156281e-01 5.161897e-01
4.295952e-02 6.580651e-01
9.901344e-01 1.984286e-01
9.314039e-01 7.816863e-01
2.386449e-01 6.333433e-01
4.625269e-01 9.986105e-01
9.525250e-01 5.337438e-01
2.146883e-01 9.907258e-01
1.548067e-01 9.892778e-01
3.199724e-02 5.253669e-01
3.704190e-01 2.641553e-02
6.801729e-01 7.376263e-01
4.878310e-01 4.821325e-01
9.067927e-01 9.355342e-01
6.677845e-01 9.658817e-01
3.563328e-01 7.650469e-01
7.908363e-01 3.493482e-01
6.228108e-01 5.856420e-01
4.754161e-01 3.440587e-01
9.274438e-01 9.970647e-01
4.839875e-01 7.881280e-01
9.808522e-02 6.615711e-01
7.000784e-01 9.547649e-01
6.366075e-01 4.085578e-01
3.460617e-01 1.344096e-01
1.372252e-01 6.035863e-01
3.698885e-01 2.665417e-01
3.489665e-01 6.548766e-01
8.549830e-01 7.280979e-01
8.699416e-01 1.013465e-01
7.494241e-01 9.845469e-02
4.679654e-01 5.788602e-02
7.061228e-01 5.500794e-01
9.308559e-01 5.074108e-01
8.602192e-01 8.806877e-01
4.130923e-01 6.499427e-01
7.006285e-01 1.965508e-01
9.014145e-01 5.537740e-01
9.535584e-01 9.727835e-01
8.078166e-01 3.713012e-02
4.870184e-01 3.266576e-01
1.641043e-01 1.097155e-01
2.455645e-01 3.829487e-01
9.931114e-01 9.546412e-01
7.236830e-01 3.676532e-01
5.181028e-01 3.612815e-01
4.216189e-01 6.206144e-02
4.496443e-01 5.542049e-01
7.694985e-01 7.735042e-01
3.854631e-01 7.734535e-01
5.263001e-01 1.888856e-01
4.677225e-01 4.684827e-01
7.667507e-01 3.759851e-01
8.074473e-01 3.150178e-01
5.214047e-01 3.746087e-01
3.249879e-01 8.498053e-01
5.369756e-01 2.808261e-01
2.168540e-01 2.583976e-01
5.067201e-01 9.787171e-01
7.825134e-01 3.808749e-01
8.317417e-01 7.015710e-01
1.804889e-01 4.551437e-01
9.257919e-01 9.790856e-01
4.912532e-01 9.393696e-01
5.588449e-01 3.190178e-02
1.150476e-02 4.478830e-01
7.180162e-01 5.878962e-01
4.024603e-01 8.282861e-01
4.908290e-01 7.479032e-01
6.644902e-01 7.116947e-01
3.110238e-01 8.569070e-01
5.025790e-02 4.167716e-01
6.311488e-01 7.471954e-02
4.588020e-01 8.234440e-01
1.444119e-01 3.824622e-01
7.568377e-01 3.174944e-01
4.623243e-01 9.977055e-02
9.596884e-01 2.919928e-01
4.675107e-01 5.142468e-02
6.642344e-02 9.055990e-01
7.458664e-01 5.098415e-01
6.800142e-01 7.104157e-01
3.716784e-01 5.028557e-02
1.640343e-01 4.507235e-01
9.348366e-02 8.405119e-01
5.549008e-01 1.500076e-01
7.105225e-01 9.112842e-02
4.918967e-01 8.599638e-01
8.179359e-01 1.910435e-01
3.628458e-01 8.688469e-04
1.872484e-02 6.244826e-01
6.913115e-02 5.249828e-01
7.573059e-01 6.632944e-01
7.178116e-01 6.943216e-01
9.621603e-01 2.803258e-01
8.987747e-01 1.569652e-01
7.818031e-01 5.709080e-01
8.237116e-02 8.419311e-01
1.045904e-02 1.736576e-01
6.810692e-01 2.052325e-01
8.092614e-01 9.599742e-01
1.665530e-01 4.071657e-01
2.817768e-01 7.881896e-01
3.970292e-01 6.447706e-01
4.680311e-01 3.721871e-01
6.679744e-01 1.939918e-01
9.099796e-01 1.580629e-01
4.584627e-01 9.667839e-01
7.373783e-01 1.674263e-01
9.734410e-01 3.188142e-01
8.642561e-01 7.419805e-01
6.928124e-01 6.273974e-01
3.903786e-01 9.578190e-01
6.171330e-01 8.369636e-01
5.208046e-01 9.695014e-01
8.245087e-01 8.674703e-01
6.119451e-01 9.146353e-01
6.691169e-01 1.809350e-02
1.438771e-01 2.524358e-01
7.867687e-01 4.478347e-01
1.193870e-01 2.879402e-01
9.560261e-01 4.423695e-01
2.684178e-01 4.226378e-02
2.667053e-01 1.396133e-01
6.523279e-01 9.537950e-01
6.601852e-01 9.739485e-02
2.934109e-01 2.003177e-01
6.426074e-01 2.332996e-01
2.919136e-02 2.926186e-01
1.351118e-01 8.039818e-02
6.772311e-01 6.761515e-01
8.398424e-01 2.653064e-01
8.622720e-01 9.694716e-01
9.760279e-01 5.020738e-01
7.689926e-01 1.655305e-01
3.303159e-01 9.015320e-01
6.677074e-02 4.122340e-01
8.287298e-01 8.056878e-01
5.447467e-01 8.509780e-01
6.028616e-01 4.167746e-01
3.536886e-01 4.581968e-01
8.851023e-01 8.878106e-01
8.566849e-01 4.510335e-01
7.688438e-01 3.423414e-01
2.793826e-01 9.621536e-02
1.787843e-01 8.475588e-01
9.313339e-01 6.653827e-01
9.817077e-01 2.607848e-01
4.851758e-01 8.217994e-01
8.629905e-01 2.279359e-01
3.573550e-01 3.747505e-01
6.131968e-01 5.976836e-01
1.500064e-01 7.045741e-01
4.618355e-01 3.574496e-01
9.870260e-01 2.611666e-01
8.114551e-01 1.427399e-01
1.124453e-01 7.383198e-01
6.838206e-01 4.575763e-01
7.518979e-01 3.659146e-01
9.832230e-01 8.856351e-01
1.866364e-01 3.937663e-01
7.001729e-01 3.384565e-01
4.435055e-01 2.990579e-01
7.711249e-01 5.114095e-01
3.138356e-01 5.111439e-01
4.699428e-01 9.698703e-01
1.396665e-02 9.603068e-01
3.325759e-01 3.364213e-01
3.802358e-01 1.476988e-01
1.482109e-02 9.511358e-01
9.568017e-01 2.199664e-01
2.972454e-01 9.276701e-01
6.168292e-01 1.479166e-01
8.964412e-01 4.021498e-01
9.437083e-01 2.918861e-01
6.631137e-02 4.696511e-01
1.942708e-01 2.936125e-01
8.370806e-01 5.392233e-02
6.886397e-01 5.086561e-01
7.913516e-01 2.803707e-01
6.016689e-01 3.417884e-01
8.520345e-01 1.113555e-02
9.042691e-01 7.752334e-01
3.837460e-01 3.354796e-01
2.624698e-01 4.197129e-01
6.216912e-01 2.093236e-01
9.718158e-01 2.540566e-02
9.150428e-01 4.960920e-02
4.130367e-01 3.303109e-01
9.278938e-01 6.903409e-01
9.974865e-01 7.907486e-01
1.619253e-01 2.985845e-01
3.907565e-01 4.842484e-01
7.024131e-01 8.742249e-01
7.312134e-02 5.592598e-01
6.844220e-01 3.747877e-01
3.200835e-04 7.263173e-01
6.733884e-01 7.018504e-02
3.597924e-01 6.318447e-02
3.586175e-01 9.362830e-01
8.326792e-01 7.828785e-01
1.031752e-01 8.091123e-01
2.144623e-01 9.485535e-01
1.936054e-01 4.379553e-02
7.677220e-01 6.654174e-01
4.912828e-01 7.433183e-01
4.927054e-01 8.043600e-01
5.504876e-01 8.280644e-01
5.182999e-01 4.437675e-02
1.710471e-02 4.273224e-01
6.977422e-01 7.226423e-01
3.189371e-01 3.094916e-01
7.896514e-01 2.178247e-01
8.345522e-01 3.805879e-01
9.312826e-01 5.308575e-02
2.046024e-01 3.148941e-01
1.955157e-01 6.145712e-01
2.989200e-01 1.930608e-01
9.007010e-01 7.465662e-01
9.241512e-01 1.607018e-01
3.878821e-01 6.430790e-01
5.692313e-01 7.956488e-02
9.633434e-01 1.355461e-01
3.525298e-01 3.195352e-01
4.771544e-01 3.966213e-01
5.575452e-01 2.689677e-01
5.121596e-01 6.526138e-01
8.829255e-01 2.627127e-01
9.888334e-01 7.542859e-01
9.445567e-01 6.375868e-01
7.798288e-01 9.555807e-01
1.475458e-01 1.132460e-01
1.310889e-01 5.376716e-01
2.867294e-01 5.960861e-01
8.044346e-01 2.847757e-01
5.571759e-01 9.213518e-01
4.774251e-01 9.857229e-01
4.301547e-01 3.064969e-01
9.158710e-01 9.088442e-01
1.535462e-01 5.624085e-01
6.737193e-01 6.620561e-01
6.356814e-01 5.926159e-01
2.485678e-01 1.355957e-01
7.283171e-01 5.447004e-01
6.099619e-01 4.633624e-01
6.195234e-01 2.374463e-01
5.673529e-01 7.677901e-01
4.839757e-01 5.942463e-01
6.382790e-01 7.036028e-01
3.031376e-01 8.128935e-01
8.443990e-01 4.057857e-01
9.356269e-01 2.220414e-01
3.452604e-01 7.789982e-02
4.681163e-01 7.244873e-01
2.512108e-01 2.066512e-01
9.578468e-01 6.363040e-01
6.884739e-01 5.760525e-01
8.920448e-01 2.442708e-01
9.628088e-02 3.581488e-01
7.821757e-01 2.915166e-01
2.315743e-01 1.747324e-01
7.999398e-01 2.478430e-01
1.825692e-01 5.279561e-01
4.902156e-01 9.073304e-01
4.060716e-01 5.050276e-01
2.711737e-01 8.656321e-01
